<?xml version="1.0"?>
<opencv_storage>
<Q type_id="opencv-matrix">
  <rows>4</rows>
  <cols>4</cols>
  <dt>d</dt>
  <data>
    1. 0. 0. -1.6573400115966797e+02 0. 1. 0. -2.1656693267822266e+02 0.
    0. 0. 1.0906644290764461e+03 0. 0. 2.4704460266986097e-02
    8.6929968350508720e+00</data></Q>
</opencv_storage>
